"IDNR"
1
12
13
15
21
25
30
31
32
34
37
47
53
55
59
61
66
71
74
75
80
82
84
85
90
91
93
102
111
122
123
127
137
138
142
144
157
158
161
166
170
171
172
174
176
178
182
184
186
188
191
192
200
201
207
213
214
215
221
222
226
238
242
252
253
255
257
276
280
292
294
301
306
308
310
311
315
319
321
325
326
328
336
339
343
344
346
354
356
357
362
363
371
375
376
384
387
390
394
402
407
409
411
412
418
421
423
424
425
436
443
446
451
471
474
476
479
481
494
496
499
506
509
515
516
519
522
527
533
534
535
549
557
558
561
568
573
574
579
584
585
587
588
598
599
609
612
615
617
618
625
629
631
634
635
637
643
650
656
664
670
671
676
677
683
684
686
700
705
710
711
716
724
735
739
748
751
753
765
778
780
796
800
802
805
809
810
814
815
824
826
830
831
833
834
842
843
844
845
850
859
860
861
869
891
893
901
905
921
924
926
927
932
934
943
945
951
955
961
962
970
971
975
976
979
980
982
983
984
987
988
1008
1014
1021
1023
1029
1037
1040
1051
1054
1055
1063
1066
1067
1071
1074
1075
1082
1083
1084
1104
1110
1111
1114
1124
1126
1135
1137
1139
1140
1149
1168
1176
1181
1187
1196
1203
1205
1206
1210
1211
1212
1218
1231
1235
1237
1241
1246
1250
1258
1274
1275
1278
1285
1287
1290
1294
1301
1303
1308
1319
1323
1329
1331
1335
1338
1341
1342
1343
1344
1347
1355
1362
1366
1369
1371
1375
1383
1385
1388
1390
1397
1400
1403
1413
1432
1434
1435
1439
1454
1458
1461
1462
1465
1472
1477
1484
1488
1494
1501
1506
1518
1521
1528
1529
1541
1544
1545
1548
1549
1554
1558
1563
1564
1567
1571
1572
1573
1574
1576
1582
1595
1596
1598
1602
1604
1605
1606
1609
1627
1628
1629
1630
1631
1636
1638
1639
1640
1644
1652
1656
1659
1664
1666
1667
1669
1671
1673
1674
1678
1681
1684
1689
1692
1712
1721
1733
1735
1737
1746
1747
1749
1750
1751
1758
1770
1772
1776
1777
1779
1788
1795
1810
1814
1818
1819
1827
1828
1834
1845
1848
1852
1857
1859
1867
1870
1871
1874
1877
1881
1883
1893
1899
1914
1915
1916
1924
1925
1931
1934
1935
1944
1947
1960
1964
1967
1968
1969
1975
1979
1982
1987
1991
1992
1993
1996
1998
2004
2006
2007
2021
2026
2029
2031
2040
2041
2048
2059
2063
2068
2069
2078
2079
2080
2081
2082
2095
2096
2097
2098
2099
2102
2105
2106
2115
2117
2120
2123
2124
2125
2128
2129
2134
2144
2156
2157
2165
2170
2172
2173
2183
2184
2192
2196
2197
2198
2211
2213
2214
2215
2222
2223
2225
2243
2244
2256
2257
2263
2272
2275
2278
2284
2287
2289
2291
2303
2309
2314
2321
2323
2329
2336
2343
2345
2356
2359
2360
2363
2364
2367
2370
2372
2381
2388
2389
2391
2392
2396
2403
2404
2414
2415
2416
2422
2429
2445
2449
2453
2463
2468
2476
2478
2481
2485
2487
2489
2494
2497
2513
2519
2524
2528
2529
2531
2534
2539
2544
2545
2547
2551
2557
2559
2560
2564
2567
2569
2572
2576
2579
2587
2588
2592
2596
2613
2618
2621
2633
2646
2648
2650
2651
2666
2681
2698
2699
2701
2702
2706
2712
2718
2719
2721
2722
2723
2730
2734
2740
2747
2750
2751
2757
2759
2764
2772
2773
2774
2776
2779
2782
2784
2792
2798
2799
2802
2805
2807
2808
2811
2813
2820
2824
2827
2833
2837
2840
2843
2845
2846
2847
2849
2850
2852
2856
2859
2862
2871
2878
2880
2887
2889
2892
2893
2900
2904
2912
2915
2923
2931
2938
2943
2958
2971
2976
2977
2981
2982
2990
2999
3004
3007
3013
3018
3023
3033
3034
3035
3043
3045
3053
3056
3061
3082
3084
3097
3100
3103
3116
3117
3118
3121
3126
3130
3133
3135
3137
3139
3145
3153
3154
3155
3156
3159
3163
3164
3169
3170
3174
3175
3176
3181
3184
3186
3189
3191
3192
3194
3196
3201
3208
3212
3217
3220
3227
3229
3231
3235
3249
3250
3251
3253
3263
3264
3267
3268
3269
3272
3275
3276
3277
3280
3283
3294
3296
3301
3303
3311
3313
3315
3319
3323
3326
3331
3339
3342
3343
3344
3354
3363
3371
3378
3383
3393
3394
3395
3397
3399
3400
3410
3425
3435
3437
3441
3446
3447
3448
3462
3467
3474
3475
3477
3482
3485
3488
3492
3493
3499
3500
3503
3504
3505
3516
3518
3528
3530
3536
3537
3538
3543
3544
3551
3553
3554
3555
3558
3559
3563
3564
3566
3571
3572
3580
3582
3588
3591
3599
3608
3616
3617
3621
3622
3639
3641
3642
3648
3649
3650
3651
3657
3659
3661
3665
3666
3672
3673
3677
3680
3682
3692
3693
3705
3708
3711
3712
3714
3716
3720
3721
3722
3746
3748
3752
3756
3757
3763
3766
3768
3769
3774
3776
3799
3802
3810
3824
3825
3829
3834
3835
3836
3837
3841
3845
3848
3853
3854
3858
3860
3861
3862
3863
3868
3872
3897
3908
3909
3912
3916
3919
3930
3942
3945
3946
3947
3951
3958
3964
3988
4010
4011
4014
4015
4018
4023
4026
4027
4039
4040
4049
4053
4054
4058
4061
4066
4073
4079
4092
4094
4099
4100
4108
4110
4119
4121
4128
4131
4140
4141
4142
4153
4158
4160
4162
4166
4168
4171
4174
4190
4192
4194
4198
4208
4211
4219
4221
4222
4223
4225
4229
4230
4233
4235
4249
4252
4267
4275
4276
4286
4288
4297
4304
4307
4309
4310
4315
4320
4325
4334
4341
4342
4343
4346
4349
4350
4354
4361
4362
4363
4366
4368
4369
4374
4377
4378
4381
4391
4392
4395
4401
4408
4412
4421
4426
4427
4429
4431
4436
4438
4453
4454
4465
4466
